%YAML:1.0
---
# Camera
Camera:
  Width: 752
  Height: 480
  fps: 20

  CameraMatrix: !!opencv-matrix
    rows: 3
    cols: 3
    dt: f
    data: [ 458.654, 0, 367.215, 0, 457.296, 248.375, 0, 0, 1.0 ]

  Distortion: !!opencv-matrix
    rows: 4
    cols: 1
    dt: f
    data: [ -0.28340811, 0.07395907, 0.00019359, 1.76187114e-05 ]

  DistortionModel: radtan

# ORB
ORB:
  Features: 1000
  ScaleFactor: 1.2
  Levels: 8
  IniThFAST: 20
  MinThFAST: 7

# IMU
IMU:
  NoiseGyro: 1.6968e-04
  WalkGyro: 1.9393e-05
  NoiseAcc: 2.0000e-3
  WalkAcc: 3.0000e-03

  Frequency: 200

  GyroBias: !!opencv-matrix
    rows: 3
    cols: 1
    dt: f
    data: [ 0, 0, 0 ]

  AccBias: !!opencv-matrix
    rows: 3
    cols: 1
    dt: f
    data: [ 0, 0, 0 ]

  Rbc: !!opencv-matrix
    rows: 3
    cols: 3
    dt: f
    data: [ 0.0148655429818, -0.999880929698, 0.00414029679422,
            0.999557249008, 0.0149672133247, 0.025715529948,
            -0.0257744366974, 0.00375618835797, 0.999660727178 ]

  tbc: !!opencv-matrix
    rows: 3
    cols: 1
    dt: f
    data: [ -0.0216401454975, -0.064676986768, 0.00981073058949 ]

# View
View:
  KeyFrameSize: 0.1
  KeyFrameLineWidth: 1
  GraphLineWidth: 1
  PointSize: 2
  CameraSize: 0.2
  CameraLineWidth: 1
  ViewPointX: 0
  ViewPointY: -100
  ViewPointZ: -0.1
  ViewPointF: 2000