%YAML:1.0
---
# Camera
Camera:
  Width: 752
  Height: 480
  fps: 10

  CameraMatrix: !!opencv-matrix
    rows: 3
    cols: 3
    dt: f
    data: [ 4.250258563372763e+02, 0, 3.860151866550880e+02, 0, 4.267976260903337e+02, 2.419130336743440e+02, 0, 0, 1.0 ]

  Distortion: !!opencv-matrix
    rows: 4
    cols: 1
    dt: f
    data: [ -0.288105327549552, 0.074578284234601, 7.784489598138802e-04, -2.277853975035461e-04 ]

  DistortionModel: radtan

# ORB
ORB:
  Features: 1500
  ScaleFactor: 1.2
  Levels: 8
  IniThFAST: 20
  MinThFAST: 7

# IMU
IMU:
  NoiseGyro: 0.00367396706572
  WalkGyro: 2.66e-05
  NoiseAcc: 0.0365432018302
  WalkAcc: 0.000433

  Frequency: 100

  GyroBias: !!opencv-matrix
    rows: 3
    cols: 1
    dt: f
    data: [ 0, 0, 0 ]

  AccBias: !!opencv-matrix
    rows: 3
    cols: 1
    dt: f
    data: [ 0, 0, 0 ]

  Rbc: !!opencv-matrix
    rows: 3
    cols: 3
    dt: f
    data: [ 0.02183084, -0.01312053,  0.99967558,
            0.99975965,  0.00230088, -0.02180248,
            -0.00201407,  0.99991127,  0.01316761 ]

  tbc: !!opencv-matrix
    rows: 3
    cols: 1
    dt: f
    data: [ 0.00552943, -0.12431302, 0.01614686 ]

# View
View:
  Width: 850
  Height: 768
  KeyFrameSize: 0.15
  KeyFrameLineWidth: 1.0
  GraphLineWidth: 1
  PointSize: 2
  CameraSize: 0.16
  CameraLineWidth: 3
  ViewPointX: 0.0
  ViewPointY: -4.0
  ViewPointZ: -5.0
  ViewPointF: 500.0