%YAML:1.0
---

# Camera
Camera:
  Width: 512
  Height: 512
  fps: 20

  CameraMatrix: !!opencv-matrix
    rows: 3
    cols: 3
    dt: f
    data: [ 190.97847715128717, 0, 254.93170605935475, 0, 190.9733070521226, 256.8974428996504, 0, 0, 1.0 ]

  Distortion: !!opencv-matrix
    rows: 4
    cols: 1
    dt: f
    data: [ 0.0034823894022493434, 0.0007150348452162257, -0.0020532361418706202, 0.00020293673591811182 ]

  DistortionModel: equidistant

# ORB
ORB:
  Features: 1500
  ScaleFactor: 1.2
  Levels: 8
  IniThFAST: 20
  MinThFAST: 7

# IMU
IMU:
  NoiseGyro: 0.00016
  WalkGyro: 2.2e-05
  NoiseAcc: 0.0028
  WalkAcc: 0.00086

  Frequency: 200

  GyroBias: !!opencv-matrix
    rows: 3
    cols: 1
    dt: f
    data: [ 0, 0, 0 ]

  AccBias: !!opencv-matrix
    rows: 3
    cols: 1
    dt: f
    data: [ 0, 0, 0 ]

  Rcb: !!opencv-matrix
    rows: 3
    cols: 3
    dt: f
    data: [ -0.9995250378696743, 0.029615343885863205, -0.008522328211654736,
            0.0075019185074052044, -0.03439736061393144, -0.9993800792498829,
            -0.02989013031643309, -0.998969345370175, 0.03415885127385616 ]

  tcb: !!opencv-matrix
    rows: 3
    cols: 1
    dt: f
    data: [ 0.04727988224914392, -0.047443232143367084, -0.0681999605066297 ]

# View
View:
  KeyFrameSize: 0.6
  KeyFrameLineWidth: 2
  GraphLineWidth: 1
  PointSize: 2
  CameraSize: 0.7
  CameraLineWidth: 3
  ViewPointX: 0
  ViewPointY: -100
  ViewPointZ: -0.1
  ViewPointF: 2000